4111511
2121505
4111510
3101503
1141504
4051606
1111504
4121509
3041602
4121503
3101504
412150E
4121507
4051604
4021609
405160E
4121511
4111504
2121504
4111505
4041603
4121508
3031607
413150A
4111507
4101508
40F1504
401160F
4021608
412150F
2121506
1051606
4121504
4131503
4111506
3111508
4101507
4101506
3111509
3111507
1071604
1051605
4111509
412150D
4121505
3111505
30E1507
3031605
3071605
2061505
4131509
2111506
4131504
4121510
405160D
3111510
3031601
3101510
30E1504
4121501
4121512
213150F
1031610
103160D
1011602
2041604
104160C
107160F
1011605
2011610
104160B
2071606
1081601
1071611
2131508
